%YAML:1.0
---
names:
   - "01"
   - "02"
   - "03"
   - "04"
   - "05"
   - "06"
   - "07"
   - "08"
R_01: !!opencv-matrix
   rows: 3
   cols: 1
   dt: d
   data: [ 0.28723719050685226, -2.0090666882857979,
       -0.10809620814869195 ]
Rot_01: !!opencv-matrix
   rows: 3
   cols: 3
   dt: d
   data: [ -0.41648984413684886, -0.15431039767812202,
       -0.89594894435971251, -0.24955287407595858, 0.96704099373334862,
       -0.050547794013648617, 0.874219407683959, 0.20253399124008131,
       -0.44127135599432527 ]
T_01: !!opencv-matrix
   rows: 3
   cols: 1
   dt: d
   data: [ 0.39320398170160659, -0.57931394277086312, 3.0046137383043279 ]
R_02: !!opencv-matrix
   rows: 3
   cols: 1
   dt: d
   data: [ -1.9440756070447058, -2.1608253380579905,
       -0.77406079645601045 ]
Rot_02: !!opencv-matrix
   rows: 3
   cols: 3
   dt: d
   data: [ -0.15936855602982355, 0.95873346551777439,
       0.23543960041855205, 0.89015554621633619, 0.036429907602354615,
       0.45419815650482359, 0.42687792972847088, 0.28196277046511364,
       -0.85922769344474248 ]
T_02: !!opencv-matrix
   rows: 3
   cols: 1
   dt: d
   data: [ -0.45937884411217939, 0.43803886818968718, 2.3443690145658844 ]
R_03: !!opencv-matrix
   rows: 3
   cols: 1
   dt: d
   data: [ 1.6865745292243131, 1.3001612092923225, -0.65100302361383766 ]
Rot_03: !!opencv-matrix
   rows: 3
   cols: 3
   dt: d
   data: [ 0.31356791678086243, 0.94361010382159105, 0.10618443168146746,
       0.48028924346576651, -0.061142218739332586, -0.87497649779791975,
       -0.8191443121799673, 0.3253637980068429, -0.47237802104857773 ]
T_03: !!opencv-matrix
   rows: 3
   cols: 1
   dt: d
   data: [ -0.23804958398642928, 0.22092862611012354, 1.7006131447699611 ]
R_04: !!opencv-matrix
   rows: 3
   cols: 1
   dt: d
   data: [ 0.22378745018860044, 1.5672728729101804, 0.07678473736600884 ]
Rot_04: !!opencv-matrix
   rows: 3
   cols: 3
   dt: d
   data: [ 0.005984348469968895, 0.093154651630549756,
       0.99563366679365606, 0.19003224462706436, 0.97740198718168425,
       -0.092591044141942622, -0.98175961089025743, 0.18975659760041694,
       -0.011853273460270273 ]
T_04: !!opencv-matrix
   rows: 3
   cols: 1
   dt: d
   data: [ -0.075978261228516475, -0.35277727563345207,
       2.5328434511856623 ]
R_05: !!opencv-matrix
   rows: 3
   cols: 1
   dt: d
   data: [ 0.31271412937193244, 0.963261285291244, 0.047058479563226133 ]
Rot_05: !!opencv-matrix
   rows: 3
   cols: 3
   dt: d
   data: [ 0.57345050057423275, 0.098744676219601521,
       0.81326749124101105, 0.17754684635724233, 0.954136620924806,
       -0.24104029944967795, -0.79976974232572684, 0.28261775869268846,
       0.52961831702817974 ]
T_05: !!opencv-matrix
   rows: 3
   cols: 1
   dt: d
   data: [ -0.20367342337985381, -0.35145806577151817,
       2.3553380356889821 ]
R_06: !!opencv-matrix
   rows: 3
   cols: 1
   dt: d
   data: [ 0.7004499012711024, 0.2037329911882429, -1.5415100582350323 ]
Rot_06: !!opencv-matrix
   rows: 3
   cols: 3
   dt: d
   data: [ 0.057135231286304829, 0.95137423805433452,
       -0.30269229344731341, -0.8400718236835788, -0.11801123541293211,
       -0.52948340802074179, -0.53945796536783686, 0.28453542395077563,
       0.79248009193817992 ]
T_06: !!opencv-matrix
   rows: 3
   cols: 1
   dt: d
   data: [ -0.068205958236930098, 0.019800400377994354,
       1.5952045124156156 ]
R_07: !!opencv-matrix
   rows: 3
   cols: 1
   dt: d
   data: [ -0.50979779056900343, -1.0176681934856979,
       -1.4973045030675989 ]
Rot_07: !!opencv-matrix
   rows: 3
   cols: 3
   dt: d
   data: [ -0.20919333593476955, 0.94954499489633493,
       -0.23367167322506552, -0.56673964011859812, 0.077005794671454464,
       0.82029036804369437, 0.79689668622646703, 0.3040302785157048,
       0.52203568961033553 ]
T_07: !!opencv-matrix
   rows: 3
   cols: 1
   dt: d
   data: [ -0.11229298265301726, -0.44991034259232165,
       1.7520799999294334 ]
R_08: !!opencv-matrix
   rows: 3
   cols: 1
   dt: d
   data: [ 0.2063234692365587, -1.5885472911945577, -0.16634851035795362 ]
Rot_08: !!opencv-matrix
   rows: 3
   cols: 3
   dt: d
   data: [ -0.022633427009251923, -0.028172547595131919,
       -0.9993468044396886, -0.23458913221223232, 0.97184372607575042,
       -0.022084182917044625, 0.97183108976289123, 0.23393605889046207,
       -0.028605127531084712 ]
T_08: !!opencv-matrix
   rows: 3
   cols: 1
   dt: d
   data: [ 0.37818834126556511, -0.57956246466829986, 3.0117242764294745 ]
