%YAML:1.0
---
names:
  - "01"
  - "02"
  - "03"
  - "04"
  - "05"
  - "06"
  - "07"
  - "08"

K_01: !!opencv-matrix
  rows: 3
  cols: 3
  dt: d
  data: [1443.839890, 0.000000, 954.916287, 0.000000, 1444.109968, 510.718229, 0.000000, 0.000000, 1.000000]
dist_01: !!opencv-matrix
  rows: 1
  cols: 5
  dt: d
  data: [0.012521, 0.069103, -0.003150, -0.000523, -0.180093]

K_02: !!opencv-matrix
  rows: 3
  cols: 3
  dt: d
  data: [1443.839890, 0.000000, 954.916287, 0.000000, 1444.109968, 510.718229, 0.000000, 0.000000, 1.000000]
dist_02: !!opencv-matrix
  rows: 1
  cols: 5
  dt: d
  data: [0.012521, 0.069103, -0.003150, -0.000523, -0.180093]

K_03: !!opencv-matrix
  rows: 3
  cols: 3
  dt: d
  data: [1443.839890, 0.000000, 954.916287, 0.000000, 1444.109968, 510.718229, 0.000000, 0.000000, 1.000000]
dist_03: !!opencv-matrix
  rows: 1
  cols: 5
  dt: d
  data: [0.012521, 0.069103, -0.003150, -0.000523, -0.180093]

K_04: !!opencv-matrix
  rows: 3
  cols: 3
  dt: d
  data: [1443.839890, 0.000000, 954.916287, 0.000000, 1444.109968, 510.718229, 0.000000, 0.000000, 1.000000]
dist_04: !!opencv-matrix
  rows: 1
  cols: 5
  dt: d
  data: [0.012521, 0.069103, -0.003150, -0.000523, -0.180093]

K_05: !!opencv-matrix
  rows: 3
  cols: 3
  dt: d
  data: [1443.839890, 0.000000, 954.916287, 0.000000, 1444.109968, 510.718229, 0.000000, 0.000000, 1.000000]
dist_05: !!opencv-matrix
  rows: 1
  cols: 5
  dt: d
  data: [0.012521, 0.069103, -0.003150, -0.000523, -0.180093]

K_06: !!opencv-matrix
  rows: 3
  cols: 3
  dt: d
  data: [1443.839890, 0.000000, 954.916287, 0.000000, 1444.109968, 510.718229, 0.000000, 0.000000, 1.000000]
dist_06: !!opencv-matrix
  rows: 1
  cols: 5
  dt: d
  data: [0.012521, 0.069103, -0.003150, -0.000523, -0.180093]

K_07: !!opencv-matrix
  rows: 3
  cols: 3
  dt: d
  data: [1443.839890, 0.000000, 954.916287, 0.000000, 1444.109968, 510.718229, 0.000000, 0.000000, 1.000000]
dist_07: !!opencv-matrix
  rows: 1
  cols: 5
  dt: d
  data: [0.012521, 0.069103, -0.003150, -0.000523, -0.180093]

K_08: !!opencv-matrix
  rows: 3
  cols: 3
  dt: d
  data: [1443.839890, 0.000000, 954.916287, 0.000000, 1444.109968, 510.718229, 0.000000, 0.000000, 1.000000]
dist_08: !!opencv-matrix
  rows: 1
  cols: 5
  dt: d
  data: [0.012521, 0.069103, -0.003150, -0.000523, -0.180093]