%YAML:1.0
---
names:
  - "01"
  - "02"
  - "03"
  - "04"
  - "05"
  - "06"
  - "07"
  - "08"
  - "09"
  - "10"
  - "11"
K_01: !!opencv-matrix
  rows: 3
  cols: 3
  dt: d
  data: [3084.911970, 0.000000, 1995.409218, 0.000000, 3089.324172, 1016.633049, 0.000000, 0.000000, 1.000000]
dist_01: !!opencv-matrix
  rows: 1
  cols: 5
  dt: d
  data: [0.120342, -0.588488, -0.007177, 0.005793, 0.834425]
K_02: !!opencv-matrix
  rows: 3
  cols: 3
  dt: d
  data: [3084.911970, 0.000000, 1995.409218, 0.000000, 3089.324172, 1016.633049, 0.000000, 0.000000, 1.000000]
dist_02: !!opencv-matrix
  rows: 1
  cols: 5
  dt: d
  data: [0.120342, -0.588488, -0.007177, 0.005793, 0.834425]
K_03: !!opencv-matrix
  rows: 3
  cols: 3
  dt: d
  data: [3084.911970, 0.000000, 1995.409218, 0.000000, 3089.324172, 1016.633049, 0.000000, 0.000000, 1.000000]
dist_03: !!opencv-matrix
  rows: 1
  cols: 5
  dt: d
  data: [0.120342, -0.588488, -0.007177, 0.005793, 0.834425]
K_04: !!opencv-matrix
  rows: 3
  cols: 3
  dt: d
  data: [3084.911970, 0.000000, 1995.409218, 0.000000, 3089.324172, 1016.633049, 0.000000, 0.000000, 1.000000]
dist_04: !!opencv-matrix
  rows: 1
  cols: 5
  dt: d
  data: [0.120342, -0.588488, -0.007177, 0.005793, 0.834425]
K_05: !!opencv-matrix
  rows: 3
  cols: 3
  dt: d
  data: [3084.911970, 0.000000, 1995.409218, 0.000000, 3089.324172, 1016.633049, 0.000000, 0.000000, 1.000000]
dist_05: !!opencv-matrix
  rows: 1
  cols: 5
  dt: d
  data: [0.120342, -0.588488, -0.007177, 0.005793, 0.834425]
K_06: !!opencv-matrix
  rows: 3
  cols: 3
  dt: d
  data: [3084.911970, 0.000000, 1995.409218, 0.000000, 3089.324172, 1016.633049, 0.000000, 0.000000, 1.000000]
dist_06: !!opencv-matrix
  rows: 1
  cols: 5
  dt: d
  data: [0.120342, -0.588488, -0.007177, 0.005793, 0.834425]
K_07: !!opencv-matrix
  rows: 3
  cols: 3
  dt: d
  data: [3084.911970, 0.000000, 1995.409218, 0.000000, 3089.324172, 1016.633049, 0.000000, 0.000000, 1.000000]
dist_07: !!opencv-matrix
  rows: 1
  cols: 5
  dt: d
  data: [0.120342, -0.588488, -0.007177, 0.005793, 0.834425]
K_08: !!opencv-matrix
  rows: 3
  cols: 3
  dt: d
  data: [3084.911970, 0.000000, 1995.409218, 0.000000, 3089.324172, 1016.633049, 0.000000, 0.000000, 1.000000]
dist_08: !!opencv-matrix
  rows: 1
  cols: 5
  dt: d
  data: [0.120342, -0.588488, -0.007177, 0.005793, 0.834425]
K_09: !!opencv-matrix
  rows: 3
  cols: 3
  dt: d
  data: [3084.911970, 0.000000, 1995.409218, 0.000000, 3089.324172, 1016.633049, 0.000000, 0.000000, 1.000000]
dist_09: !!opencv-matrix
  rows: 1
  cols: 5
  dt: d
  data: [0.120342, -0.588488, -0.007177, 0.005793, 0.834425]
K_10: !!opencv-matrix
  rows: 3
  cols: 3
  dt: d
  data: [3084.911970, 0.000000, 1995.409218, 0.000000, 3089.324172, 1016.633049, 0.000000, 0.000000, 1.000000]
dist_10: !!opencv-matrix
  rows: 1
  cols: 5
  dt: d
  data: [0.120342, -0.588488, -0.007177, 0.005793, 0.834425]
K_11: !!opencv-matrix
  rows: 3
  cols: 3
  dt: d
  data: [3084.911970, 0.000000, 1995.409218, 0.000000, 3089.324172, 1016.633049, 0.000000, 0.000000, 1.000000]
dist_11: !!opencv-matrix
  rows: 1
  cols: 5
  dt: d
  data: [0.120342, -0.588488, -0.007177, 0.005793, 0.834425]
